[9.9994701e-01 1.0579824e-05 2.3245811e-06 4.7683716e-07 9.0610981e-04
 2.5182962e-05]
[0.07041529 0.00082603 0.00247064 0.00013226 0.00158554 0.00016239]
[5.6453347e-03 1.3640523e-04 1.8644333e-04 1.8239021e-05 1.1193752e-04
 1.1146069e-05]
[9.9990177e-01 6.4146519e-04 1.1026859e-06 2.9802322e-07 7.1525574e-07
 1.4275312e-05]
[9.8904073e-01 5.7451725e-03 1.4899075e-03 1.2545884e-03 3.0738711e-03
 9.2801452e-04]
[7.2430670e-03 1.4513135e-03 3.5139918e-04 8.0466270e-06 9.9905151e-01
 8.3178282e-05]
[1.9288063e-04 1.2058020e-04 3.2007694e-05 1.3113022e-05 9.9975258e-01
 2.1576881e-05]
[2.7027726e-04 7.7766180e-04 5.0050020e-04 1.5848875e-04 2.2232533e-05
 6.4074993e-06]
[2.4768710e-04 3.6209822e-05 2.4437904e-06 4.7683716e-07 0.0000000e+00
 0.0000000e+00]
[9.97246027e-01 1.22526288e-03 6.99460506e-05 4.49419022e-05
 7.46041536e-04 1.11579895e-04]
[5.9604645e-08 5.9604645e-08 2.9802322e-08 8.9406967e-08 1.7881393e-07
 2.0861626e-07]
[9.9938262e-01 5.6965947e-03 4.0629506e-04 3.3399463e-04 4.8214197e-04
 3.1045079e-04]
[9.9894786e-01 2.2768974e-05 2.2685528e-04 8.6426735e-07 6.5088272e-05
 6.0230494e-05]
[7.4505806e-07 0.0000000e+00 0.0000000e+00 2.9802322e-08 1.4901161e-07
 5.3644180e-07]
[4.6704412e-03 5.1298738e-04 3.1048059e-04 1.1593103e-05 9.9855340e-01
 5.1051378e-05]
[3.10713053e-03 5.54740429e-04 2.46852636e-04 1.22487545e-05
 9.98496294e-01 4.58657742e-05]
[3.6656857e-06 2.3427010e-03 9.8847985e-01 1.9159019e-03 2.8014183e-06
 0.0000000e+00]
[9.9998939e-01 1.4901161e-06 3.5762787e-07 1.1920929e-07 9.6681267e-01
 5.4574013e-04]
[9.9932992e-01 3.0425787e-03 1.8641353e-04 1.6176701e-04 1.1499822e-03
 3.8355589e-05]
[8.2254410e-06 3.7968159e-05 4.4703484e-07 1.6391277e-05 9.8347664e-07
 0.0000000e+00]
[1.6783506e-02 4.5614541e-03 1.7851591e-04 2.0384789e-05 9.8915684e-01
 2.7418137e-06]
[3.0457973e-05 1.6346574e-04 1.9669533e-06 1.7762184e-05 0.0000000e+00
 8.9406967e-08]
[7.8958273e-04 1.7431378e-04 4.7326088e-05 7.4356794e-05 9.9376595e-01
 4.6610832e-05]
[9.9690640e-01 5.3042173e-04 1.4798641e-02 1.3589859e-05 4.0680170e-05
 1.5777349e-04]
[3.8743019e-07 9.9958372e-01 9.9974877e-01 9.9993598e-01 9.8347664e-07
 3.8444996e-06]
[3.6984682e-05 9.9904305e-01 9.9997139e-01 9.9979842e-01 8.2254410e-06
 1.4901161e-07]
[5.3581893e-03 1.4860514e-01 1.0493398e-04 5.2869320e-05 2.1696091e-05
 3.2186508e-06]
[6.7496300e-04 8.6873770e-05 1.6301870e-05 1.0430813e-06 3.8743019e-07
 5.9604645e-08]
[1.9572914e-02 7.8597367e-03 1.5282631e-04 2.6106834e-05 9.1135502e-05
 5.4240227e-06]
[0.01031837 0.01086092 0.00876334 0.00463331 0.00245294 0.00013366]
[9.6337527e-01 3.1173229e-05 2.8312206e-05 1.4901161e-07 2.9802322e-07
 1.1920929e-07]
[9.9992818e-01 1.1579692e-03 2.7179718e-05 1.0132790e-05 1.1637807e-04
 6.7174435e-05]
[9.9974859e-01 7.3909760e-06 1.1920929e-07 3.5762787e-07 1.5497208e-06
 7.2121620e-06]
[9.9932706e-01 1.4868379e-04 1.6331673e-04 5.8165193e-04 1.7744303e-04
 1.2326241e-04]
[2.9802322e-08 1.7702579e-05 1.7881393e-07 4.7683716e-07 1.4901161e-06
 0.0000000e+00]
[0.         0.00868341 0.99975204 0.99979764 0.         0.        ]
[9.9998915e-01 9.9105096e-01 6.9046021e-04 1.5467405e-04 7.3671341e-05
 5.5730343e-06]
[9.9999809e-01 1.0848045e-05 2.7418137e-06 1.3768673e-05 3.2782555e-07
 7.0333481e-06]
[9.9974567e-01 6.5326691e-05 4.4703484e-06 2.3543835e-06 5.9604645e-08
 3.0696392e-06]
[6.0126185e-04 1.9394755e-03 1.4945865e-04 2.3025274e-04 9.6946955e-05
 9.1791153e-06]
[0.00254416 0.8649249  0.02838334 0.00219804 0.00177273 0.00146681]
[9.9711311e-01 9.9978495e-01 9.9745291e-01 1.8007755e-03 1.4901161e-07
 1.3709068e-06]
[9.9927282e-01 2.3319721e-03 2.0587444e-04 2.6935339e-04 2.1702647e-03
 6.7615509e-04]
[9.9999923e-01 9.9199045e-01 8.1250072e-04 9.2446804e-05 1.1026859e-05
 7.1525574e-07]
[9.9999982e-01 8.8030595e-01 8.7291002e-05 2.6822090e-06 1.6391277e-06
 1.9669533e-06]
[9.9985361e-01 7.5697899e-06 2.1994114e-05 3.7193298e-05 2.0474195e-05
 2.0384789e-05]
[0.25057378 0.0037761  0.11693436 0.00213769 0.02427131 0.0028483 ]
[9.9423468e-01 9.8212612e-01 1.0858178e-03 5.2690506e-04 1.0088086e-04
 1.5854836e-05]
[9.8109627e-01 2.7015805e-03 1.0351360e-02 5.1760674e-04 1.7482936e-03
 1.0403097e-03]
[8.6570257e-01 1.4071494e-02 2.1192223e-02 5.9873760e-03 3.3649504e-03
 8.5562468e-04]
[9.99645114e-01 1.46615505e-03 6.63816929e-04 2.10493803e-04
 1.12354755e-05 8.37445259e-06]
[9.88870144e-01 8.15063715e-04 8.25524330e-05 3.71932983e-05
 5.29742241e-03 1.12235546e-04]
[3.5762787e-06 9.9948597e-01 3.7495637e-01 1.5534610e-02 0.0000000e+00
 0.0000000e+00]
[8.6039305e-05 3.3617020e-05 2.8643012e-04 3.9339066e-06 5.0514936e-05
 7.2687864e-05]
[1.5199184e-05 6.9132447e-04 1.2773871e-03 9.8794699e-05 2.4288893e-05
 3.7848949e-06]
[4.9769878e-06 1.1280775e-03 7.5930357e-04 1.8477440e-05 5.9604645e-06
 5.0663948e-07]
[2.0970404e-03 8.3446503e-06 2.2786856e-04 8.8810921e-05 3.0577183e-05
 1.0770559e-04]
[2.4735928e-06 3.1530857e-05 6.6033006e-04 2.9027462e-05 2.1487474e-05
 4.6789646e-06]
[6.8545341e-07 9.9997163e-01 3.0355483e-01 6.0394436e-02 1.2516975e-06
 1.1920929e-07]
[5.7536364e-04 1.3072193e-03 6.7369342e-03 9.9586546e-03 9.6499920e-05
 2.0861626e-07]
[9.9998736e-01 9.9633181e-01 9.9808574e-01 9.1814995e-04 4.9382448e-05
 2.9802322e-06]
[9.9678171e-01 1.6140938e-04 1.4305115e-05 2.7090311e-05 8.8572502e-05
 2.5033951e-05]
[9.9976015e-01 6.2662363e-04 6.8506598e-04 1.9779801e-04 1.9699931e-03
 3.4540594e-03]
[9.9146372e-01 8.9019537e-05 4.5421124e-03 8.2433224e-05 2.6005208e-03
 5.1289797e-04]
[1.9669533e-06 1.7881393e-05 2.8908253e-05 3.3080578e-06 4.1484833e-05
 2.0861626e-07]
[9.9880230e-01 3.8078427e-03 2.2649765e-05 6.1392784e-06 1.6912818e-04
 1.1226535e-04]
[1.0000000e+00 9.9986219e-01 1.6129017e-04 1.2728572e-04 2.6226044e-06
 6.6459179e-06]
[1.0000000e+00 9.9986219e-01 1.6129017e-04 1.2728572e-04 2.6226044e-06
 6.6459179e-06]
[1.0000000e+00 9.9986219e-01 1.6129017e-04 1.2728572e-04 2.6226044e-06
 6.6459179e-06]
[1.00000000e+00 9.99729276e-01 1.81883574e-04 1.13636255e-04
 3.39746475e-06 6.25848770e-06]
[9.99999881e-01 9.99707103e-01 1.01059675e-04 2.02625990e-04
 1.10268593e-06 6.58631325e-06]
[9.9997342e-01 9.1493130e-06 2.5033951e-06 3.2782555e-07 1.0550022e-05
 1.9073486e-06]
[1.30146742e-04 5.85913658e-05 6.98268414e-05 1.04904175e-05
 1.04308128e-06 1.49011612e-07]
[0.00364691 0.00255093 0.00274017 0.00351787 0.00140107 0.00045928]
[9.9913174e-01 3.0693412e-04 1.3557076e-04 1.2582541e-04 6.3657761e-05
 1.6877055e-04]
[2.4682283e-04 1.3047159e-03 9.9021804e-01 4.3997169e-04 6.8545341e-06
 1.0132790e-06]
[5.8787465e-03 9.7272897e-01 9.9089438e-01 9.8839891e-01 9.7453594e-06
 3.0642748e-04]
[4.6461821e-04 1.9113123e-03 9.9954212e-01 1.1312962e-03 1.8090010e-05
 1.5497208e-06]
[9.9746239e-01 5.1409006e-05 5.2601099e-05 2.5170445e-03 1.1086464e-05
 1.0550022e-05]
[9.9435043e-01 1.0690331e-02 5.9354901e-03 2.1138489e-02 4.0420890e-04
 1.1433065e-03]
[9.9998260e-01 9.9943006e-01 9.9853528e-01 6.8601966e-04 4.5180321e-05
 3.9339066e-06]
[9.9986756e-01 1.3056397e-04 4.0471554e-05 4.1455030e-05 2.0861626e-07
 2.8014183e-06]
[9.9978626e-01 1.7166138e-04 6.3210726e-05 2.7000904e-05 2.0861626e-07
 3.6358833e-06]
[9.9997807e-01 4.7475100e-04 4.8875809e-06 3.3378601e-06 6.7949295e-06
 1.6272068e-05]
[0.0000000e+00 9.3906486e-01 9.6940625e-01 1.9581616e-02 9.9837780e-06
 6.2584877e-07]
[2.0861626e-07 4.1082501e-04 4.4760108e-04 1.4704466e-04 6.2584877e-07
 1.0132790e-06]
[0.0000000e+00 1.2475252e-04 1.2230873e-04 6.5118074e-05 4.1127205e-06
 1.3321638e-05]
[0.0000000e+00 5.3644180e-07 4.7385693e-06 3.3766031e-05 2.0861626e-07
 1.0132790e-06]
[0.0000000e+00 1.1026859e-06 3.8743019e-07 1.6719103e-05 5.9604645e-07
 1.1622906e-06]
[0.0000000e+00 6.2584877e-07 6.1094761e-06 1.6868114e-05 1.4901161e-07
 4.7683716e-07]
[0.9899839  0.02491254 0.00678444 0.00256217 0.00219214 0.0065645 ]
[8.3148479e-06 3.2228231e-04 6.2853098e-05 4.7326088e-04 9.9990147e-01
 1.3142824e-05]
[9.9999940e-01 3.7461519e-04 2.0742416e-05 3.3378601e-06 5.2452087e-06
 2.1159649e-06]
[1.5191585e-02 3.8444996e-05 2.2724271e-04 4.7683716e-07 5.6624413e-07
 0.0000000e+00]
[9.9999917e-01 4.2341948e-03 8.4042549e-06 3.1948090e-05 2.0265579e-06
 4.4703484e-07]
[3.6209822e-05 6.3389540e-05 1.4391541e-04 1.3664365e-04 9.9989146e-01
 1.5133619e-04]
[3.6838651e-03 1.3092160e-04 3.5127997e-04 1.0818243e-04 9.9727225e-01
 6.5928698e-04]
[3.3894181e-04 1.5103787e-02 2.5609761e-02 1.4029473e-02 9.8659480e-01
 3.8320720e-03]
[3.3208728e-04 2.1610260e-03 1.3199449e-04 1.7684698e-04 7.7545643e-05
 4.7683716e-06]
[1.7282665e-03 1.2806058e-03 1.9177794e-04 4.1246414e-05 2.5349855e-04
 4.5388937e-05]
[2.2155344e-03 2.9805303e-04 3.5464764e-05 6.5296888e-05 2.3996830e-04
 5.1558018e-06]
[1.6565323e-03 5.3346157e-05 3.5679340e-04 3.1560659e-05 1.7881393e-06
 7.1525574e-07]
[9.9991858e-01 1.0222197e-05 1.4162064e-04 1.3858080e-05 9.8049641e-06
 4.5090914e-05]
[9.9973762e-01 3.0953228e-02 9.9928689e-01 9.9786055e-01 9.5665455e-06
 5.8114529e-06]
[0.02965721 0.02449164 0.00388891 0.00789705 0.0076029  0.00039005]
[0.0000000e+00 8.3029270e-05 1.5074909e-03 3.3780932e-04 2.0056963e-05
 2.2947788e-06]
[1.7583370e-06 1.8477440e-06 1.3709068e-06 3.4868717e-06 4.0626526e-04
 7.4535608e-05]
[1.3148785e-04 3.7252903e-06 6.6459179e-06 1.9371510e-06 4.5299530e-06
 1.3530254e-05]
[9.9998498e-01 3.2532215e-04 6.3151121e-05 1.0997057e-05 9.1126561e-04
 7.5837970e-04]
[9.9943566e-01 5.5095553e-04 7.1200728e-04 4.9954653e-04 1.4847219e-03
 1.9381046e-03]
[9.9989682e-01 4.5895576e-06 1.7881393e-06 9.5367432e-07 8.6426735e-07
 1.3113022e-06]
[9.9998760e-01 1.1920929e-06 9.2387199e-07 1.4901161e-07 1.0073185e-05
 2.3245811e-06]
[9.7960508e-01 2.1884441e-03 9.9854541e-01 3.5300255e-03 2.3812056e-05
 9.2983246e-06]
[6.5708786e-02 4.6043098e-02 9.1771054e-01 1.4411747e-02 7.6224804e-03
 6.0397387e-04]
[1.7557740e-03 6.1821014e-02 9.8731256e-01 2.3825139e-02 1.7732382e-05
 2.0086765e-05]
[5.6969225e-03 4.4018120e-02 9.7974378e-01 3.9117515e-02 1.2996793e-04
 3.2812357e-05]
[9.9937004e-01 4.0981174e-04 4.8339367e-05 1.6093254e-05 1.9967556e-06
 6.1690807e-06]
[5.2752942e-02 9.6286833e-03 3.8846731e-03 5.6102872e-04 6.5124035e-04
 2.4497509e-05]
[4.8279762e-06 7.2371960e-04 2.7492642e-04 6.2611699e-04 2.4110079e-04
 2.3841858e-07]
[1.21593475e-05 9.99381959e-01 9.99768615e-01 4.48712707e-03
 1.07288361e-06 2.08616257e-07]
[7.9125166e-05 6.8464875e-04 8.9529157e-04 3.0971766e-03 2.5928020e-06
 3.5762787e-07]
[4.6521425e-05 1.8426478e-03 1.8751621e-04 1.6167760e-04 4.4047832e-05
 6.5565109e-07]
[2.1891594e-03 7.6324725e-01 6.5158737e-01 9.8444092e-01 7.0929527e-06
 3.9637089e-06]
[0.00612524 0.0015687  0.04952669 0.01215681 0.00062445 0.00017309]
[9.8646271e-01 2.5719404e-05 2.6464462e-05 1.7881393e-07 2.9802322e-07
 1.1920929e-07]
[0.0000000e+00 9.9949443e-01 9.9919140e-01 9.9987423e-01 3.2901764e-05
 3.5762787e-07]
[9.997928e-01 9.400164e-01 2.521187e-02 9.175845e-01 7.843971e-05
 8.353591e-05]
[9.9980086e-01 4.7989190e-03 2.4601817e-04 3.4937263e-04 1.0472834e-03
 9.1621280e-04]
[9.97593403e-01 6.13987446e-03 1.17242336e-04 5.16176224e-05
 6.88046217e-04 4.19825315e-04]
[9.9719417e-01 9.4881654e-04 9.2172623e-04 8.4221363e-05 8.0111623e-04
 5.6827068e-04]
[9.9999821e-01 3.3378601e-06 3.5762787e-07 4.4137239e-04 1.3709068e-06
 1.8477440e-06]
[9.9719417e-01 9.4881654e-04 9.2172623e-04 8.4221363e-05 8.0111623e-04
 5.6827068e-04]
[9.9999821e-01 3.3378601e-06 3.5762787e-07 4.4137239e-04 1.3709068e-06
 1.8477440e-06]
[9.9998033e-01 4.1574240e-05 2.7865171e-05 1.2964010e-05 2.4735928e-06
 9.2685223e-05]
[5.5730343e-06 6.5683424e-03 9.9890029e-01 9.9668705e-01 2.5331974e-06
 3.5762787e-07]
[0.95354867 0.00539041 0.04074639 0.0290702  0.02050862 0.00210562]
[9.9996382e-01 5.6028366e-06 1.0132790e-06 7.1525574e-07 1.1026859e-06
 1.2066960e-04]
[0.0000000e+00 9.5367432e-06 0.0000000e+00 7.1525574e-07 0.0000000e+00
 5.9604645e-08]
[1.1920929e-07 2.1427870e-05 2.7120113e-06 5.2154064e-06 8.6426735e-07
 1.1920929e-07]
[1.2961030e-04 3.8234293e-03 2.2059679e-04 8.1360340e-05 1.1920929e-07
 2.0861626e-07]
[0.0000000e+00 1.9967556e-06 2.5629997e-06 6.1690807e-06 6.4373016e-06
 0.0000000e+00]
[9.9996960e-01 8.3655119e-05 4.4703484e-06 2.8014183e-06 1.4603138e-06
 5.1259995e-06]
[8.7553263e-04 3.2484531e-06 5.9604645e-08 2.3841858e-07 1.0430813e-06
 3.8743019e-07]
[2.2649765e-06 9.9999321e-01 9.9988174e-01 9.9994922e-01 3.9339066e-06
 2.0861626e-06]
[7.4207783e-05 6.6173631e-01 6.1190516e-02 3.4441710e-02 2.8610229e-05
 6.2584877e-07]
[1.8507242e-05 9.9614745e-01 9.9715769e-01 5.8722496e-04 2.2143126e-05
 6.2584877e-07]
[9.9684453e-01 1.1375546e-03 6.9230199e-03 1.7312169e-04 9.8599255e-01
 4.9465895e-04]
[3.8743019e-06 1.9997358e-05 1.9735098e-04 9.6321106e-05 3.0463934e-04
 6.9141388e-06]
[9.9999833e-01 8.5046887e-04 1.4355779e-04 1.4268577e-02 1.0177493e-04
 9.4470382e-04]
[2.9802322e-08 3.8176775e-05 2.7120113e-06 3.0398369e-06 7.1525574e-07
 1.4901161e-07]
[0.0000000e+00 1.9669533e-06 8.9406967e-08 4.7683716e-07 8.9406967e-08
 0.0000000e+00]
[2.0861626e-07 1.3867021e-04 1.0430813e-05 2.3245811e-06 7.3611736e-06
 2.9802322e-07]
[1.3470650e-05 9.9759036e-01 8.9657307e-04 2.4479628e-04 1.1503696e-05
 0.0000000e+00]
[9.95111823e-01 7.12782145e-04 6.18398190e-05 1.17868185e-04
 4.40028310e-03 1.43036246e-03]
[2.2184849e-04 4.9769878e-06 8.9406967e-08 2.7716160e-06 6.4671040e-06
 6.8843365e-06]
[2.5182962e-05 1.0665953e-03 2.8908253e-06 1.8188357e-04 1.7285347e-06
 1.2516975e-06]
[1.0216236e-04 1.0728836e-06 1.6897917e-05 2.7805567e-05 9.9973142e-01
 1.6212463e-05]
[0.00758177 0.01999778 0.00259495 0.00379676 0.00223589 0.00022274]
[6.7055225e-06 3.5583973e-05 2.5865436e-04 5.9664249e-05 4.3779612e-05
 2.1487474e-05]
[4.2727590e-04 1.5137196e-03 3.5673380e-05 4.3392181e-05 8.4340572e-05
 5.0365925e-06]
[3.1843185e-03 1.6857684e-03 1.3482571e-04 4.6434999e-04 1.6599894e-05
 8.3446503e-07]
[3.0716360e-03 3.1235814e-04 9.1791153e-06 2.9566884e-04 7.7486038e-07
 5.9604645e-08]
[2.0742416e-04 1.4672279e-03 1.6510487e-05 1.8918514e-04 5.3256750e-05
 2.0861626e-07]
[1.0806322e-04 2.5551617e-03 8.5234642e-05 2.8663874e-04 3.0875206e-05
 5.9604645e-08]
[9.9916685e-01 5.8376789e-04 1.3828278e-05 3.8444996e-06 1.7939806e-03
 6.4969063e-06]
[9.9989653e-01 1.5595555e-04 2.0295382e-04 6.5565109e-06 9.9496067e-01
 8.4936619e-06]
[2.4838448e-03 3.1849742e-04 1.6286969e-04 2.2649765e-05 1.8984079e-05
 1.4901161e-07]
[9.9967766e-01 9.5516443e-05 3.1888485e-05 1.2218952e-06 9.9945015e-01
 3.7968159e-05]
[9.9833930e-01 1.8508434e-03 4.9120823e-01 3.7990212e-03 1.1149943e-03
 4.1693449e-05]
[9.98338699e-01 1.12354755e-05 7.89761543e-06 0.00000000e+00
 1.19209290e-07 1.19209290e-07]
[9.8983121e-01 7.4851513e-04 2.1698833e-02 9.2953444e-04 5.7714880e-03
 1.6617775e-03]
[2.0916760e-03 5.3682923e-04 2.6202202e-04 5.6445599e-05 1.5974045e-04
 6.0319901e-05]
[0.0000000e+00 8.0466270e-07 0.0000000e+00 4.4703484e-07 2.9802322e-08
 0.0000000e+00]
[2.0861626e-07 1.6093254e-05 2.9802322e-08 1.1920929e-06 8.9406967e-08
 1.7881393e-07]
[2.7197599e-04 4.1723251e-07 5.6624413e-07 1.0728836e-06 3.7059188e-04
 6.8753958e-05]
[6.6757202e-06 2.5629997e-06 3.8743019e-07 7.6293945e-06 2.9802322e-08
 2.0861626e-07]
[9.9969077e-01 9.9919569e-01 5.1242113e-04 4.2209029e-04 1.4841557e-05
 8.5234642e-06]
[9.9998689e-01 1.7377734e-04 7.1844459e-04 2.6634336e-04 1.4305115e-06
 1.5795231e-06]
[9.9950910e-01 2.0795763e-03 1.5145540e-04 9.3609095e-05 4.6789646e-06
 2.6822090e-06]
[7.2687864e-05 5.0732493e-04 3.5047531e-05 4.2349100e-05 9.9477959e-01
 2.1129847e-05]
[3.4626991e-02 1.2221932e-03 8.8271499e-04 1.0147691e-04 2.8179586e-03
 9.7355962e-01]
[1.3685942e-02 1.5435368e-02 9.8416823e-01 1.0802448e-02 4.5203567e-03
 7.2383881e-04]
[0.98848426 0.9956881  0.9922228  0.01596567 0.00144455 0.00193587]
[9.9978232e-01 2.0868182e-03 5.3554773e-04 9.6231699e-05 9.8991036e-01
 9.7304344e-01]
[9.9968612e-01 5.5640936e-05 4.2670965e-04 4.6193600e-06 1.1698008e-03
 1.5115738e-04]
[9.998342e-01 2.386868e-04 9.736419e-05 5.093217e-05 9.912319e-01
 9.954696e-01]
[0.0000000e+00 7.3015690e-06 6.4671040e-06 1.3321638e-05 6.1690807e-06
 6.2584877e-07]
[1.1920929e-07 9.6261501e-06 8.9406967e-06 1.1056662e-05 2.0265579e-06
 1.4901161e-07]
[0.0000000e+00 2.9385090e-05 1.4901161e-06 1.7702579e-05 0.0000000e+00
 0.0000000e+00]
[2.9802322e-08 1.4960766e-05 1.4901161e-07 1.9967556e-06 0.0000000e+00
 4.1723251e-07]
[3.3035874e-04 2.3010373e-04 4.6730042e-05 2.0027161e-05 1.3828278e-04
 3.6656857e-06]
[1.2606382e-05 1.7881393e-07 3.5762787e-07 6.2584877e-07 1.1026859e-06
 5.9604645e-08]
[4.60147858e-05 8.61883163e-05 1.02519989e-05 1.31726265e-05
 1.98483467e-05 5.66244125e-07]
[3.2782555e-07 1.0523200e-04 3.1739473e-05 3.2970309e-04 1.6748905e-05
 8.3446503e-06]
[0.0000000e+00 9.9999976e-01 9.9999559e-01 9.9999720e-01 2.5153160e-05
 8.9406967e-08]
[1.7881393e-06 4.0927529e-04 9.9684602e-01 7.5161457e-04 1.0132790e-06
 1.1920929e-07]
[3.2067299e-04 9.7572803e-05 9.9518406e-01 4.4423342e-04 1.3333559e-04
 7.1525574e-07]
[1.7175463e-01 3.7175417e-04 1.8562675e-03 8.6307526e-05 9.3969220e-01
 1.9392371e-04]
[8.9329964e-01 2.1029541e-01 4.5860052e-02 7.5056851e-02 2.4855137e-05
 3.2776594e-04]
[3.5718083e-04 9.9826038e-01 9.9944997e-01 9.9757302e-01 5.2928925e-05
 7.3215365e-04]
[1.1920929e-07 9.9995708e-01 9.9990392e-01 9.9989772e-01 8.9406967e-08
 2.9802322e-08]
[1.1163950e-04 2.0084083e-03 9.8907602e-01 6.7654550e-03 4.4178963e-04
 2.5540590e-05]
[6.7216158e-04 5.2334011e-02 9.9635410e-01 5.5316091e-04 1.9305944e-04
 9.9241734e-06]
[6.0275197e-04 9.0709329e-04 3.5822392e-05 8.4936619e-05 2.6822090e-07
 1.1920929e-07]
[2.5033951e-06 1.6480684e-05 2.0563602e-06 3.4570694e-06 3.8743019e-06
 1.7881393e-07]
[1.8477440e-06 5.7518482e-05 8.9406967e-08 1.1473894e-05 0.0000000e+00
 0.0000000e+00]
[9.9985385e-01 9.5069408e-06 8.9406967e-08 2.6822090e-07 6.4313412e-05
 1.0395348e-03]
[0.0000000e+00 0.0000000e+00 0.0000000e+00 6.2584877e-07 0.0000000e+00
 0.0000000e+00]
[0.0000000e+00 0.0000000e+00 0.0000000e+00 6.2584877e-07 0.0000000e+00
 0.0000000e+00]
[0.0000000e+00 2.1159649e-06 6.3180923e-06 5.1438808e-05 3.9935112e-06
 1.4901161e-07]
[4.2021275e-06 2.7716160e-06 4.4405460e-06 1.4901161e-07 2.0861626e-07
 0.0000000e+00]
[4.2021275e-06 2.7716160e-06 4.4405460e-06 1.4901161e-07 2.0861626e-07
 0.0000000e+00]
[9.9986881e-01 9.9649751e-01 1.2287498e-04 1.1175871e-04 9.2387199e-07
 7.4505806e-07]
[1.09255314e-03 4.15116549e-04 4.61935997e-06 1.78813934e-07
 1.50203705e-05 3.27825546e-07]
[9.9635535e-01 5.0602853e-03 1.9835830e-03 1.4733970e-03 9.8136067e-04
 1.9121170e-04]
[0.01225209 0.01597849 0.00912139 0.00386146 0.00065082 0.00023544]
[9.9775743e-01 6.4700842e-05 1.1047721e-04 4.1058660e-04 2.7129054e-04
 9.3963742e-04]
[9.8877084e-01 7.7748299e-04 1.5621483e-03 2.3222864e-03 9.3549490e-05
 7.0154667e-04]
[0.0000000e+00 2.1159649e-06 6.3180923e-06 5.1438808e-05 3.9935112e-06
 1.4901161e-07]
[1.3232231e-05 7.0929527e-06 1.2844801e-05 2.9891729e-05 3.8743019e-07
 1.1920929e-06]
[8.1847608e-03 5.2033067e-03 3.0740499e-03 9.9353838e-01 8.3446503e-07
 1.4603138e-06]
[7.4416399e-05 4.5704842e-04 2.1091700e-03 6.6310167e-05 3.2097101e-05
 1.7881393e-07]
[4.6789646e-06 6.4969063e-06 1.9371510e-06 1.0520220e-05 3.6060810e-06
 6.4373016e-06]
[9.99999881e-01 5.84125519e-06 1.81794167e-06 2.38418579e-07
 5.79357147e-05 1.14142895e-05]
[9.9961627e-01 5.8257580e-04 6.2099099e-04 1.4197826e-04 2.1336973e-03
 4.4161081e-04]
[0.0000000e+00 9.2387199e-07 8.0466270e-07 5.9604645e-08 2.9802322e-08
 0.0000000e+00]
[0.0000000e+00 9.2387199e-07 8.0466270e-07 5.9604645e-08 2.9802322e-08
 0.0000000e+00]
[1.8085539e-03 9.9242544e-01 9.9738294e-01 9.9550104e-01 1.8364191e-04
 1.3676286e-04]
[9.9979770e-01 7.1823597e-05 2.1755695e-05 1.6272068e-05 7.4505806e-07
 8.5830688e-06]
[3.2499731e-03 1.0937452e-05 6.0960650e-04 1.6596913e-04 2.0644069e-03
 1.2278557e-04]
[6.1690807e-05 3.9935112e-06 1.3184547e-04 1.2591481e-04 2.0951033e-05
 3.8743019e-06]
[3.1290948e-03 7.2121620e-06 2.5612116e-04 9.4801188e-05 1.5905499e-04
 9.8854303e-05]
[9.3631589e-01 7.7486038e-07 2.6822090e-07 4.7683716e-07 4.3937564e-03
 1.5376210e-03]
[9.9724269e-01 6.6161156e-06 9.7453594e-06 4.1723251e-07 1.2326539e-03
 7.5459480e-05]
[9.9711841e-01 7.1585178e-05 2.2649765e-06 6.2584877e-07 6.1362982e-05
 2.5272369e-05]
[9.9995971e-01 3.5881996e-05 1.6599894e-05 5.4508448e-05 2.3812056e-05
 9.5963478e-06]
[9.9995971e-01 3.5881996e-05 1.6599894e-05 5.4508448e-05 2.3812056e-05
 9.5963478e-06]
[1.0216236e-04 1.0728836e-06 1.6897917e-05 2.7805567e-05 9.9973142e-01
 1.6212463e-05]
[9.8267305e-01 5.4568052e-05 1.1980534e-05 2.7418137e-06 9.9006319e-01
 2.2053719e-06]
[1.4581433e-01 7.7430040e-02 2.3257732e-03 1.0904074e-03 3.0994415e-06
 1.4901161e-07]
[5.0404668e-04 5.9812814e-02 4.1495055e-02 6.3064277e-02 1.0767579e-04
 3.5375357e-05]
[8.2954764e-04 4.1777492e-03 3.8328767e-04 5.9351325e-04 2.7772486e-03
 9.1820955e-05]
[2.9206276e-06 1.9189656e-02 9.9499035e-01 1.3280591e-01 2.0861626e-07
 0.0000000e+00]
[4.3313503e-03 1.0848045e-05 9.0095401e-04 4.4226646e-05 2.4321973e-03
 3.9479136e-04]
[7.2509050e-05 1.0073185e-05 6.4074993e-05 1.2516975e-06 3.0052662e-04
 4.4405460e-05]
[7.15851784e-05 1.09016895e-04 1.64330006e-04 7.00354576e-06
 4.00245190e-05 2.19643116e-05]
[9.9996769e-01 1.2528896e-04 1.4314055e-04 9.6944380e-01 2.9802322e-07
 7.5101852e-06]
[9.9996769e-01 1.2528896e-04 1.4314055e-04 9.6944380e-01 2.9802322e-07
 7.5101852e-06]
[9.9998945e-01 7.7825785e-04 1.4007092e-06 4.3049455e-04 2.0861626e-07
 3.2782555e-07]
[9.9998945e-01 7.7825785e-04 1.4007092e-06 4.3049455e-04 2.0861626e-07
 3.2782555e-07]
[9.9998760e-01 5.5432320e-06 3.5762787e-07 8.2311034e-04 3.3080578e-06
 1.8775463e-06]
[9.9998760e-01 5.5432320e-06 3.5762787e-07 8.2311034e-04 3.3080578e-06
 1.8775463e-06]
[9.9750948e-01 1.8477440e-05 3.1083822e-05 2.9206276e-06 2.2709370e-05
 1.6421080e-05]
[9.9297845e-01 4.8887730e-04 5.8653951e-04 4.8339367e-05 1.9103289e-05
 1.6936660e-04]
[9.9999964e-01 2.3841858e-07 1.1920929e-07 1.2847781e-04 4.4703484e-07
 1.1622906e-06]
[9.9999964e-01 2.3841858e-07 1.1920929e-07 1.2847781e-04 4.4703484e-07
 1.1622906e-06]
[9.9999833e-01 2.1755695e-06 3.2782555e-07 2.3066998e-04 8.4042549e-06
 4.5001507e-06]
[9.9996144e-01 1.1920929e-07 0.0000000e+00 0.0000000e+00 1.1742115e-05
 7.7486038e-07]
[9.9990547e-01 2.1180511e-04 1.3440847e-05 1.8090010e-04 1.7252564e-04
 2.4735928e-06]
[9.9990547e-01 2.1180511e-04 1.3440847e-05 1.8090010e-04 1.7252564e-04
 2.4735928e-06]
[9.9984539e-01 3.1398326e-02 4.6166778e-04 1.7093569e-02 1.7064810e-04
 5.8889389e-05]
[9.9398714e-01 8.2641840e-05 1.1512637e-04 2.7537346e-05 2.1156669e-04
 1.9702315e-04]
[9.9971974e-01 8.9001656e-04 6.4373016e-06 4.2617321e-06 6.8545341e-07
 1.2549758e-04]
[9.9810410e-01 1.9985437e-04 3.2782555e-07 3.5762787e-07 1.1920929e-07
 1.0132790e-06]
[9.9999630e-01 2.7716160e-06 1.6987324e-06 1.4603138e-06 1.3709068e-06
 2.5004148e-05]
[9.9827361e-01 1.3543069e-03 1.5199184e-05 2.6196241e-05 4.4598728e-02
 6.3568354e-05]
[9.9149024e-01 6.1064959e-05 5.2452087e-06 9.6559525e-06 3.8860080e-01
 1.3491511e-04]
[9.9939078e-01 7.8380108e-05 8.1658363e-06 1.8119812e-05 1.1709630e-03
 4.9442053e-05]
[9.9948168e-01 7.8707933e-05 1.7881393e-06 1.0758638e-05 1.7357171e-03
 1.1071563e-04]
[9.9996281e-01 3.5762787e-05 3.1173229e-05 1.8855929e-04 7.7847326e-01
 9.9285370e-01]
[1.6223362e-01 3.6758184e-04 1.8858910e-04 3.3438206e-05 2.2440255e-03
 1.2898445e-04]
[0.0000000e+00 9.9955344e-01 9.9994433e-01 9.9997693e-01 1.1920929e-07
 0.0000000e+00]
[2.6267767e-04 9.9611413e-01 9.9069357e-01 4.3102831e-02 8.0969930e-04
 2.9942393e-04]
[2.1457672e-06 1.5117526e-03 6.4611435e-05 8.9108944e-06 6.7055225e-06
 2.9802322e-07]
[7.5995922e-06 1.0778904e-02 1.3008416e-03 4.7296286e-05 3.0994415e-05
 1.1920929e-07]
[1.7583370e-06 2.3448467e-04 6.7949295e-06 6.7472458e-05 4.3511391e-06
 5.8114529e-06]
[4.4533610e-04 3.6954880e-06 1.7583370e-06 1.0132790e-06 2.3448467e-04
 2.9802322e-08]
[2.3931265e-05 3.5041571e-04 3.5405159e-05 7.1525574e-07 1.3491511e-04
 1.4901161e-07]
[1.4626980e-04 3.2782555e-06 3.2782555e-07 2.0861626e-07 1.0475516e-04
 1.1920929e-07]
[5.4895878e-05 3.8266182e-05 2.4735928e-06 1.7881393e-07 5.9604645e-08
 5.9604645e-08]
[2.1994114e-05 0.0000000e+00 1.7285347e-06 8.9406967e-08 1.7881393e-07
 4.7683716e-07]
[7.7486038e-07 7.2121620e-06 1.0937452e-05 2.6524067e-06 4.4912100e-05
 2.0861626e-07]
[3.5762787e-07 6.0429871e-03 6.3179731e-03 3.1268597e-04 3.9339066e-06
 2.6822090e-07]
[9.9565017e-01 6.7406297e-02 2.3220477e-01 8.5104108e-03 2.4533272e-04
 4.1699409e-04]
[2.5033951e-06 1.6480684e-05 2.0563602e-06 3.4570694e-06 3.8743019e-06
 1.7881393e-07]
[2.5412440e-04 5.2413344e-04 1.0508299e-04 1.5586615e-05 5.0687790e-04
 1.5065074e-04]
[4.0218234e-04 4.8160553e-05 1.3852119e-04 1.0073185e-05 3.3587217e-05
 2.1159649e-06]
[3.3363700e-04 4.9263239e-05 1.7842650e-04 1.2534857e-04 1.7672777e-05
 8.0466270e-07]
[1.6957521e-04 3.4838915e-05 5.4657459e-05 1.6742945e-04 1.1962652e-04
 7.3462725e-05]
[9.9999535e-01 1.7881393e-07 2.0861626e-07 1.7881393e-07 1.6272068e-05
 3.1888485e-06]
[9.9999654e-01 2.0861626e-07 1.1920929e-07 2.0861626e-07 8.7618828e-06
 5.5134296e-06]
[9.8861074e-01 1.6401112e-03 9.9506974e-04 6.5246224e-04 2.5284886e-03
 1.6927719e-04]
[9.0479696e-01 2.3252964e-03 3.1894147e-03 1.5181303e-04 1.4240593e-02
 8.2463026e-05]
[9.9938142e-01 2.2653639e-03 1.3870299e-03 8.7499619e-05 1.2321472e-03
 2.3275614e-04]
[0.9437815  0.7405146  0.18522832 0.09891015 0.0151788  0.00161192]
[0.9988284  0.04049137 0.03731212 0.01096335 0.01384538 0.02994019]
[9.9998963e-01 8.1509352e-05 6.4373016e-05 4.5597553e-05 1.2099743e-05
 9.9920225e-01]
[9.9948156e-01 6.1586499e-04 6.6518784e-05 4.9710274e-05 3.0577183e-05
 1.0409951e-04]
[5.8582425e-04 2.3269653e-04 1.7642975e-05 9.4175339e-06 3.2460690e-04
 4.3809414e-06]
[9.9976957e-01 2.5996566e-04 6.3800812e-04 3.8602948e-04 9.9997240e-01
 9.9934149e-01]
[3.2782555e-07 4.7981739e-05 1.9609928e-05 2.0534098e-03 5.6922436e-06
 6.8545341e-07]
[0.03706825 0.00702205 0.00389096 0.00545138 0.01358503 0.00999275]
[9.9943787e-01 2.1815300e-05 4.3213367e-05 1.1026859e-06 3.0482411e-03
 3.9577484e-05]
[9.9975169e-01 9.5427036e-04 7.2121620e-06 3.7014484e-05 5.0961971e-06
 1.4287233e-04]
[9.9975169e-01 9.5427036e-04 7.2121620e-06 3.7014484e-05 5.0961971e-06
 1.4287233e-04]
[0.0000000e+00 0.0000000e+00 0.0000000e+00 1.4901161e-07 5.5164099e-05
 0.0000000e+00]
[9.5435369e-01 4.0223300e-02 2.5330693e-02 8.1921816e-03 1.7754138e-03
 4.8425794e-04]
[2.7418137e-06 2.7483702e-04 1.9222498e-05 2.6816130e-04 4.6193600e-06
 4.2915344e-06]
[4.6849251e-05 9.9830866e-01 9.9985170e-01 9.9940836e-01 3.9935112e-06
 1.6391277e-06]
[1.8179417e-06 3.3825636e-05 1.7860532e-04 5.7220459e-06 8.7320805e-06
 4.1723251e-07]
[1.7881393e-07 3.9935112e-06 6.2114000e-04 3.8743019e-05 8.9406967e-08
 0.0000000e+00]
[6.5565109e-06 8.6724758e-06 1.0877848e-05 6.2584877e-06 1.4305115e-06
 1.4901161e-07]
[2.5331974e-06 1.9669533e-06 1.8984079e-05 2.0116568e-05 1.4901161e-07
 5.9604645e-08]
[2.1457672e-06 4.9769878e-06 1.3306737e-04 2.9683113e-05 1.6093254e-06
 5.0663948e-07]
[0.94009495 0.11022511 0.02272284 0.02145979 0.00406522 0.00660515]
[9.3272352e-01 2.3058057e-04 1.1134148e-04 1.2236834e-04 9.4964552e-01
 3.2441616e-03]
[9.9429333e-01 5.3392351e-03 1.7995024e-01 2.7543008e-03 5.5390596e-04
 5.4123998e-04]
[9.9839461e-01 5.9914589e-04 7.0318580e-04 2.0910501e-03 1.6733062e-01
 2.6593208e-03]
[9.9833536e-01 1.0943115e-03 2.7623773e-04 1.6948283e-03 1.0040161e-01
 2.0932853e-03]
[9.99320149e-01 1.51723623e-04 5.21540642e-06 1.30832195e-05
 4.75797951e-02 3.88026237e-05]
[9.95078325e-01 7.17312098e-04 2.11834908e-04 1.08420849e-04
 1.37523115e-02 6.08265400e-05]
[7.5399876e-06 5.0693750e-05 9.6559525e-06 2.8657317e-03 1.8092990e-04
 3.9428473e-05]
[2.3841858e-06 7.8335404e-04 3.3825636e-05 4.5299530e-06 7.3015690e-06
 1.1920929e-07]
[2.4914742e-05 1.7881393e-05 1.6829371e-04 1.1354685e-05 5.0663948e-06
 5.0365925e-06]
[7.1346760e-05 4.2051077e-05 3.9279461e-05 5.1259995e-06 2.5659800e-05
 1.8239021e-05]
[9.9961269e-01 9.4476926e-01 2.1219254e-05 3.5226345e-05 2.9802322e-06
 4.8875809e-06]
[9.9994481e-01 1.8660665e-02 4.5895576e-06 1.6093254e-06 2.9802322e-07
 3.9041042e-06]
[3.5762787e-07 2.8276443e-04 4.0072203e-04 2.7899444e-03 2.0265579e-06
 5.3644180e-07]
[9.9937606e-01 6.0702264e-03 7.7456236e-05 1.0699034e-05 9.7162127e-03
 2.2807717e-04]
[9.9371040e-01 1.9872785e-03 3.6360621e-03 1.7485023e-03 2.6972592e-03
 6.7090988e-04]
[2.8908253e-06 1.3709068e-06 1.1920929e-06 8.3446503e-07 3.1888485e-06
 8.9406967e-08]
[5.7518482e-06 9.9994874e-01 9.9864703e-01 9.9991977e-01 0.0000000e+00
 0.0000000e+00]
[6.9856644e-05 9.9826300e-01 9.9775296e-01 9.9972248e-01 3.4570694e-06
 1.4185905e-04]
[9.9790490e-01 1.5829206e-03 2.6631355e-04 6.0707331e-05 1.3773739e-03
 1.5670061e-04]
[7.1525574e-07 1.3866127e-03 6.7859888e-05 1.2297928e-03 2.3841858e-07
 1.7881393e-07]
[0.99576294 0.0048883  0.00358102 0.00343251 0.00759193 0.02043888]
[0.0000000e+00 1.1920929e-07 5.3346157e-06 5.3346157e-06 7.9572201e-06
 0.0000000e+00]
[9.9995780e-01 1.4109612e-03 4.1671991e-03 6.7418218e-03 1.7699599e-04
 2.0116568e-05]
[9.9350774e-01 3.7333667e-03 3.7794113e-03 1.6463399e-03 1.5544891e-03
 5.7345629e-04]
[9.9444485e-01 1.0076165e-04 7.4237585e-05 6.7621469e-05 2.6463866e-03
 3.0040443e-03]
[6.418526e-04 9.527355e-03 7.164650e-01 1.810737e-01 1.347515e-02
 2.771616e-06]
[9.8278654e-01 3.0682087e-03 1.4196932e-03 2.8041005e-04 1.9213557e-02
 7.2407722e-04]
[0.9667087  0.00345233 0.00785658 0.00209671 0.02782103 0.0120278 ]
[1.7881393e-07 9.4816089e-04 2.4115145e-03 9.5664155e-01 2.4735928e-06
 3.5762787e-07]
[3.9094687e-04 9.8794699e-05 4.6640635e-04 1.0353327e-04 2.8908253e-05
 1.9669533e-06]
[9.9665713e-01 1.9287765e-03 2.6252866e-04 9.6797943e-05 1.5292168e-03
 1.3577938e-04]
[9.4408011e-01 3.7699938e-04 6.0796738e-04 3.0547380e-05 9.8082423e-03
 1.8072128e-04]
[9.9977338e-01 6.1121583e-04 2.8690696e-04 7.4505806e-05 4.5508146e-05
 2.2709370e-05]
[9.9618268e-01 3.0550361e-04 6.6314638e-03 3.3855438e-05 1.0088086e-03
 1.0280907e-03]
[6.9370866e-04 2.2351742e-05 3.7610531e-05 2.9206276e-06 1.4394522e-05
 8.6426735e-07]
[9.9943995e-01 1.0472536e-03 6.8038702e-05 2.0152330e-04 1.9676685e-03
 2.2131205e-04]
[0.9938079  0.04227027 0.00173593 0.00567967 0.0100576  0.00271797]
[9.9729717e-01 1.9509494e-03 9.6347928e-04 4.1174889e-04 4.7951937e-04
 2.3284554e-04]
[0.0000000e+00 0.0000000e+00 2.9802322e-08 2.0861626e-07 4.1723251e-07
 0.0000000e+00]
[0.0000000e+00 1.0579824e-05 6.5565109e-07 2.9385090e-05 5.6624413e-07
 0.0000000e+00]
[0.0000000e+00 1.8030405e-05 3.2782555e-07 3.2782555e-06 2.9802322e-08
 0.0000000e+00]
[0.0000000e+00 3.5762787e-07 0.0000000e+00 2.6822090e-07 1.6391277e-06
 0.0000000e+00]
[0.0000000e+00 2.6798248e-04 3.9637089e-06 3.1143427e-05 2.3841858e-07
 0.0000000e+00]
[0.0000000e+00 9.2387199e-07 5.9604645e-07 3.2782555e-07 0.0000000e+00
 0.0000000e+00]
[0.05069107 0.00776082 0.00171143 0.00052476 0.02270338 0.00017488]
[7.0124865e-05 9.8549819e-01 9.9993461e-01 9.9923432e-01 1.6689301e-05
 1.0669231e-05]
[0.0000000e+00 1.1920929e-07 2.9802322e-08 6.2584877e-07 8.9406967e-08
 0.0000000e+00]
[0.0000000e+00 2.3841858e-07 0.0000000e+00 3.2782555e-07 0.0000000e+00
 0.0000000e+00]
[0.0000000e+00 4.4703484e-07 1.4901161e-07 3.5762787e-07 3.6269426e-05
 5.6624413e-07]
[0.0000000e+00 1.1920929e-07 0.0000000e+00 8.6426735e-07 1.7881393e-07
 0.0000000e+00]
[0.0000000e+00 5.9604645e-08 0.0000000e+00 2.9802322e-08 0.0000000e+00
 0.0000000e+00]
[0.0000000e+00 0.0000000e+00 8.9406967e-08 4.7683716e-07 0.0000000e+00
 1.1920929e-07]
[0.0000000e+00 8.9406967e-08 8.9406967e-08 1.1920929e-07 0.0000000e+00
 5.9604645e-08]
[0.0000000e+00 0.0000000e+00 0.0000000e+00 2.0861626e-07 9.1195107e-06
 2.0861626e-07]
[0.0000000e+00 0.0000000e+00 1.1920929e-07 1.5199184e-06 2.9802322e-07
 0.0000000e+00]
[4.0531158e-06 1.8179417e-06 3.9309263e-05 1.3065338e-04 8.9406967e-06
 2.0623207e-05]
[0.0000000e+00 1.4901161e-07 8.9406967e-08 5.0663948e-07 3.5166740e-06
 2.9802322e-07]
[0.0000000e+00 2.9802322e-08 1.7881393e-07 5.0961971e-06 2.3841858e-07
 5.9604645e-08]
[0.0000000e+00 0.0000000e+00 5.9604645e-08 1.0132790e-06 2.7418137e-06
 1.4901161e-07]
[0.0000000e+00 7.1525574e-07 3.2782555e-07 5.5432320e-06 2.0861626e-07
 1.7881393e-07]
[0.0000000e+00 6.2584877e-07 8.9406967e-08 1.1622906e-06 0.0000000e+00
 2.9802322e-08]
[0.0000000e+00 8.9406967e-08 2.9802322e-08 1.3709068e-06 1.1920929e-07
 2.9802322e-08]
[0.0000000e+00 8.9406967e-08 0.0000000e+00 3.2782555e-07 2.9802322e-08
 0.0000000e+00]
[0.0000000e+00 0.0000000e+00 0.0000000e+00 2.9802322e-08 6.7353249e-06
 1.1920929e-07]
[0.0000000e+00 0.0000000e+00 0.0000000e+00 1.7881393e-07 1.7881393e-07
 8.9406967e-08]
[9.6626300e-01 2.8750300e-03 4.6080351e-04 8.3208084e-05 9.8469853e-04
 2.1070242e-04]
[9.9999827e-01 2.1398067e-05 2.2649765e-05 8.3476305e-05 3.2755733e-04
 3.5621524e-03]
[2.9802322e-06 9.9999040e-01 9.9999464e-01 9.9999464e-01 5.3644180e-07
 1.1920929e-07]
[7.0393085e-05 6.4164400e-05 3.7699938e-04 1.1393428e-04 6.7561865e-05
 1.4007092e-06]
[0.00051844 0.00076625 0.02483305 0.00332955 0.00383842 0.00068027]
[1.3289452e-03 1.6632676e-04 8.4152818e-04 9.4354153e-05 1.5684962e-04
 4.7385693e-06]
[0.0000000e+00 1.2308359e-05 5.6028366e-06 0.0000000e+00 4.3481588e-05
 0.0000000e+00]
[0.00503388 0.00909802 0.01943475 0.01024532 0.00461864 0.00039628]
[2.2172928e-05 1.2010336e-05 8.6426735e-07 1.5467405e-05 3.9190054e-05
 1.1086464e-05]
[5.4022670e-04 4.7436357e-04 5.4827332e-04 2.7710199e-04 1.7005205e-04
 5.2630901e-05]
[0.9315595  0.07529822 0.00885183 0.00723523 0.04329231 0.00402769]
[9.6621168e-01 2.0373523e-02 4.9675405e-03 1.6559660e-03 2.2177637e-02
 8.0475211e-04]
[9.9994338e-01 5.0663948e-07 5.6624413e-07 1.5139580e-05 1.4588237e-04
 4.4286251e-05]
[2.0053983e-04 1.4318526e-03 2.1496415e-04 1.0254085e-03 5.8412552e-06
 3.8743019e-07]
[1.4901161e-07 6.3052773e-04 1.2994111e-03 9.6889484e-01 3.9339066e-05
 1.6570091e-05]
[9.9996758e-01 1.9972956e-01 6.1565638e-04 4.0701032e-04 9.9973410e-01
 1.7583370e-04]
[4.2244196e-02 7.5217187e-03 5.2005053e-05 4.8667192e-05 8.5273230e-01
 8.5473061e-05]
[1.6987324e-06 1.3753712e-02 9.9402082e-01 1.9638622e-01 1.5228987e-05
 1.7881393e-07]
[0.05488268 0.00311431 0.00601041 0.00357643 0.02701589 0.00119194]
[1.92791224e-04 1.04010105e-05 1.01625919e-05 2.08616257e-07
 3.00586224e-04 5.96046448e-07]
[2.2023916e-05 6.1383909e-01 9.9995023e-01 9.9199784e-01 1.2269616e-04
 8.6426735e-07]
[2.6822090e-07 9.9989712e-01 9.9996960e-01 9.9987602e-01 1.2010336e-05
 1.1622906e-06]
[9.9995506e-01 1.6057491e-04 9.9923813e-01 8.7335706e-04 9.9732769e-01
 1.1224747e-03]
[1.6391277e-06 1.5700459e-03 1.3709068e-06 1.4139712e-03 1.5497208e-06
 3.0100346e-06]
[4.1159987e-04 3.1808913e-03 5.5177510e-03 9.9522758e-01 3.6716461e-05
 4.3720007e-05]
[9.9927139e-01 5.3465366e-05 2.5928020e-06 1.7881393e-07 7.7039003e-05
 1.1143088e-04]
[9.9986154e-01 5.5858493e-04 7.6135993e-03 1.4541268e-02 3.6346912e-04
 2.7054548e-04]
[9.9438643e-01 2.4315715e-03 1.2502670e-03 1.0498464e-03 1.7970145e-02
 7.0717931e-04]
[9.9799502e-01 4.1440129e-04 1.7923117e-04 9.8615885e-05 8.5055828e-05
 2.3841858e-06]
[9.9953133e-01 7.2628260e-04 4.4277310e-04 2.4288893e-04 6.2760711e-04
 4.1839480e-04]
[8.3443522e-04 2.2060573e-03 8.9088082e-04 9.7944152e-01 5.6385994e-05
 5.2034855e-05]
[2.6822090e-06 1.7881393e-07 1.9669533e-06 8.9406967e-08 1.9371510e-06
 0.0000000e+00]
[0.9878615  0.0353891  0.04894468 0.00290504 0.00697365 0.0016267 ]
[9.9930412e-01 1.0298789e-03 1.2801290e-03 6.4811110e-04 2.6533008e-04
 4.8503578e-03]
[9.9981970e-01 2.0200014e-04 1.0683239e-03 4.3353438e-04 7.5936317e-05
 2.2989511e-03]
[0.00869036 0.00500041 0.00606364 0.00256521 0.000449   0.00011745]
[0.94462717 0.01820311 0.01945171 0.00712961 0.01671046 0.01441038]
[9.9998105e-01 9.3563199e-03 1.6671419e-04 1.5416741e-04 9.9308920e-01
 7.3334575e-04]
[1.2325168e-02 1.2921363e-02 1.8254250e-02 1.0178030e-02 8.4936619e-05
 3.3289194e-05]
[1.2725592e-05 3.8743019e-07 5.1856041e-06 3.4570694e-06 0.0000000e+00
 0.0000000e+00]
[2.1187246e-02 1.0013580e-05 3.5911798e-05 2.3156404e-05 3.6320090e-04
 1.8551946e-04]
[0.05568317 0.00428632 0.00312287 0.0019069  0.02746406 0.0001927 ]
[9.9552268e-01 5.1438808e-05 3.3885241e-05 1.9401312e-05 1.1866689e-03
 3.2633543e-04]
[0.913216   0.01435971 0.02970597 0.01405117 0.08660951 0.08816507]
[9.9179709e-01 1.6158819e-04 6.7561865e-04 2.1606684e-05 4.9313307e-03
 1.3481677e-02]
[9.9982476e-01 8.8832378e-03 5.8710575e-06 6.9439411e-06 1.1920929e-07
 9.5367432e-07]
[9.2900133e-01 6.7144632e-05 7.7483058e-04 2.7224422e-04 5.9753656e-05
 3.1232834e-05]
[9.9991411e-01 6.1085820e-04 5.2353740e-04 3.2782555e-05 9.8049641e-06
 8.7940693e-04]
[0.9498922  0.00599411 0.00700587 0.00267148 0.01812208 0.01011291]
[9.9993324e-01 4.1186810e-05 2.9206276e-06 8.5830688e-06 1.0523200e-04
 3.0845404e-05]
[0.9877783  0.00273308 0.00100055 0.00301424 0.02876881 0.00213975]
[0.1342279  0.0022929  0.00040844 0.00022167 0.01741746 0.00336319]
[0.49110207 0.00935254 0.02076554 0.01172143 0.143511   0.02429935]
[1.6329020e-02 5.8889389e-05 1.1771917e-04 1.3649464e-04 1.0516644e-03
 8.6724758e-06]
[6.29913807e-03 9.50095356e-02 9.84078526e-01 1.03121042e-01
 2.20536938e-04 1.01649806e-04]
